0 0.487918 0.394186 0.176580 0.216279
0 0.498141 0.396512 0.167286 0.220930
0 0.512082 0.368605 0.228625 0.286047
0 0.502788 0.426744 0.347584 0.439535
0 0.499071 0.413953 0.630112 0.781395
0 0.531599 0.506977 0.750929 0.953488
0 0.500929 0.539535 0.566914 0.865116
0 0.487918 0.508140 0.388476 0.653488
0 0.508364 0.500000 0.254647 0.479070
0 0.498141 0.505814 0.178439 0.430233
0 0.541822 0.688372 0.343866 0.516279
0 0.539033 0.559302 0.245353 0.402326
0 0.417286 0.559302 0.161710 0.360465
0 0.368030 0.619767 0.144981 0.393023
0 0.564126 0.541860 0.187732 0.255814
0 0.589219 0.527907 0.163569 0.209302
0 0.618959 0.469767 0.122677 0.158140
0 0.572491 0.482558 0.118959 0.151163
0 0.584572 0.456977 0.120818 0.146512
0 0.595725 0.548837 0.109665 0.130233
0 0.585502 0.574419 0.130112 0.125581
0 0.694238 0.567442 0.135688 0.088372
0 0.505576 0.613953 0.104089 0.065116
0 0.547398 0.572093 0.120818 0.162791
0 0.393123 0.533721 0.355019 0.448837
0 0.520446 0.546512 0.230483 0.306977
0 0.450743 0.532558 0.288104 0.376744
0 0.359665 0.694186 0.310409 0.420930
0 0.448885 0.556977 0.206320 0.258140
0 0.557621 0.560465 0.353160 0.195349
0 0.501859 0.477907 0.200743 0.100000
0 0.596654 0.475581 0.208178 0.095349
0 0.575279 0.554651 0.302974 0.193023
0 0.554833 0.562791 0.291822 0.297674
0 0.508364 0.545349 0.340149 0.332558
0 0.585502 0.588372 0.256506 0.311628
0 0.484201 0.573256 0.224907 0.290698
0 0.535316 0.746512 0.167286 0.158140
0 0.695167 0.638372 0.141264 0.086047
0 0.543680 0.668605 0.161710 0.123256
0 0.517658 0.779070 0.161710 0.176744
0 0.592937 0.631395 0.163569 0.118605
0 0.380112 0.626744 0.169145 0.090698
0 0.632900 0.582558 0.202602 0.081395
0 0.614312 0.737209 0.187732 0.153488
0 0.407993 0.736047 0.169145 0.137209
0 0.598513 0.780233 0.137546 0.127907
0 0.487918 0.794186 0.217472 0.230233
0 0.439591 0.531395 0.228625 0.281395
0 0.594796 0.612791 0.230483 0.290698
0 0.564126 0.504651 0.135688 0.158140
0 0.470260 0.509302 0.096654 0.120930
0 0.510223 0.446512 0.485130 0.581395
0 0.561338 0.569767 0.613383 0.739535
0 0.511152 0.506977 0.345725 0.516279
0 0.432156 0.475581 0.447955 0.588372
0 0.396840 0.475581 0.239777 0.300000
0 0.492565 0.662791 0.442379 0.479070
0 0.532528 0.655814 0.276952 0.288372
0 0.599442 0.553488 0.202602 0.167442
0 0.453532 0.537209 0.182156 0.134884
0 0.583643 0.637209 0.237918 0.251163
0 0.736989 0.709302 0.288104 0.302326
0 0.362454 0.773256 0.252788 0.253488
0 0.615242 0.629070 0.174721 0.113953
0 0.522305 0.637209 0.249071 0.316279
0 0.520446 0.609302 0.241636 0.311628
0 0.659851 0.758140 0.260223 0.344186
0 0.741636 0.503488 0.278810 0.327907
0 0.318773 0.318605 0.213755 0.246512
0 0.520446 0.581395 0.271375 0.339535
0 0.592007 0.719767 0.462825 0.560465
0 0.704461 0.554651 0.509294 0.588372
0 0.505576 0.462791 0.301115 0.386047
0 0.478625 0.590698 0.407063 0.525581
0 0.583643 0.556977 0.301115 0.555814
0 0.623606 0.498837 0.340149 0.537209
0 0.452602 0.538372 0.247212 0.332558
0 0.316914 0.604651 0.418216 0.232558
0 0.671004 0.704651 0.490706 0.320930
0 0.735130 0.609302 0.258364 0.293023
0 0.575279 0.533721 0.340149 0.434884
0 0.547398 0.545349 0.447955 0.658140
0 0.574349 0.582558 0.297398 0.532558
0 0.520446 0.610465 0.189591 0.467442
0 0.614312 0.581395 0.165428 0.297674
0 0.663569 0.602326 0.215613 0.441860
0 0.507435 0.713953 0.338290 0.353488
0 0.557621 0.747674 0.297398 0.244186
0 0.538104 0.826744 0.336431 0.346512
0 0.594796 0.354651 0.237918 0.313953
0 0.520446 0.391860 0.182156 0.309302
0 0.527881 0.490698 0.126394 0.190698
0 0.541822 0.393023 0.128253 0.158140
0 0.585502 0.409302 0.104089 0.130233
0 0.486989 0.550000 0.553903 0.718605
0 0.573420 0.454651 0.578067 0.667442
0 0.470260 0.569767 0.297398 0.390698
0 0.655204 0.648837 0.206320 0.251163
